function [Alin,Blin] = LinearizedDynamics()

Alin = zeros(14,14);

Alin(8, 3) = 0.339978;
Alin(9, 3) = -0.310045;
Alin(10, 3) = -5.86499e-014;
Alin(11, 3) = 8.52296e-014;
Alin(12, 3) = 3.28472e-014;
Alin(13, 3) = 7.76892e-014;
Alin(14, 3) = 8.54618e-016;
Alin(8, 4) = 0.115519;
Alin(9, 4) = 0.0438344;
Alin(10, 4) = -0.110663;
Alin(11, 4) = -0.161176;
Alin(12, 4) = -0.0854864;
Alin(13, 4) = 0.189321;
Alin(14, 4) = 0.0270753;
Alin(8, 5) = 0.0997534;
Alin(9, 5) = 0.231237;
Alin(10, 5) = -0.08699;
Alin(11, 5) = -0.495375;
Alin(12, 5) = 0.37498;
Alin(13, 5) = 0.254255;
Alin(14, 5) = -0.0538425;
Alin(8, 6) = 0.29093;
Alin(9, 6) = -0.282455;
Alin(10, 6) = -0.28396;
Alin(11, 6) = 0.481678;
Alin(12, 6) = 0.140692;
Alin(13, 6) = 0.157985;
Alin(14, 6) = 0.0240978;
Alin(8, 7) = 0.0456474;
Alin(9, 7) = 0.0379477;
Alin(10, 7) = 0.0313679;
Alin(11, 7) = 0.0202335;
Alin(12, 7) = -0.0138352;
Alin(13, 7) = 0.143225;
Alin(14, 7) = 0.940956;
Alin(1, 8) = 1;
Alin(2, 9) = 1;
Alin(3, 10) = 1;
Alin(4, 11) = 1;
Alin(5, 12) = 1;
Alin(6, 13) = 1;
Alin(7, 14) = 1;


Blin = [0, 0, 0, 0; 
 0, 0, 0, 0; 
 0, 0, 0, 0; 
 0, 0, 0, 0; 
 0, 0, 0, 0; 
 0, 0, 0, 0; 
 0, 0, 0, 0; 
 2.21305, 0.207803, 1.97392, 0.534448;
 -0.661576, -0.595059, 0.267302, -0.781507; 
 -11.7994, -3.28873, -11.0361, -3.20176;
 30.2544, -8.49085, 9.17736, 2.67832;
 -8.49085, 47.8026, 2.01528, 0.8144;
 9.17736, 2.01528, 29.9875, -7.64101; 
 2.67832, 0.8144, -7.64101, 46.6658];

end





